ATTITUDE_TARGET:  0.473100820127
BATTERY_STATUS:  0.210999668907
EXTENDED_SYS_STATE:  0.04203509029
HEARTBEAT:  0.917354029271
RADIO:  0.994830470198
RADIO_STATUS:  0.994830470198
SYSTEM_TIME:  0.04450774266
SYS_STATUS:  0.223362930757
VFR_HUD:  1.17450987575

ATTITUDE_TARGET:  0.481106710936
BATTERY_STATUS:  0.23889436681
EXTENDED_SYS_STATE:  0.0464516824352
HEARTBEAT:  0.925715671387
RADIO:  0.99539319504
RADIO_STATUS:  0.99539319504
SYSTEM_TIME:  0.0464516824352
SYS_STATUS:  0.223133974555
VFR_HUD:  1.14304318564

ATTITUDE_TARGET:  0.478009437205
BATTERY_STATUS:  0.235920786749
EXTENDED_SYS_STATE:  0.046258977794
HEARTBEAT:  0.922095624027
RADIO:  0.996109988497
RADIO_STATUS:  0.996109988497
SYSTEM_TIME:  0.046258977794
SYS_STATUS:  0.221272110448
VFR_HUD:  1.13257397299

ATTITUDE_TARGET:  0.481764517055
BATTERY_STATUS:  0.235881242779
EXTENDED_SYS_STATE:  0.0450091417318
HEARTBEAT:  0.921020400252
RADIO:  0.996035636471
RADIO_STATUS:  0.996035636471
SYSTEM_TIME:  0.0441756391071
SYS_STATUS:  0.22171169816
VFR_HUD:  1.13356356954
