ATTITUDE_TARGET:  0.477105992756
BATTERY_STATUS:  0.237996928788
EXTENDED_SYS_STATE:  0.048933947975
HEARTBEAT:  0.927520741163
RADIO:  0.995360987219
RADIO_STATUS:  0.995360987219
SYSTEM_TIME:  0.0467096776125
SYS_STATUS:  0.225763441794
VFR_HUD:  1.14105069596

ATTITUDE_TARGET:  0.478927293004
BATTERY_STATUS:  0.223351243373
EXTENDED_SYS_STATE:  0.0444480086315
HEARTBEAT:  0.914517777593
RADIO:  0.995635393345
RADIO_STATUS:  0.995635393345
SYSTEM_TIME:  0.0466704090631
SYS_STATUS:  0.224462443589
VFR_HUD:  1.18453943003

ATTITUDE_TARGET:  0.475654559881
BATTERY_STATUS:  0.218934458637
EXTENDED_SYS_STATE:  0.0444536971852
HEARTBEAT:  0.919080189303
RADIO:  0.995762816947
RADIO_STATUS:  0.995762816947
SYSTEM_TIME:  0.0466763820444
SYS_STATUS:  0.227825198074
VFR_HUD:  1.17580029055